01-01-2017;1695;0;0;0;1440;0;0;0;0
02-01-2017;1695;0;0;0;1440;0;0;0;0
03-01-2017;1695;0;0;0;1440;0;0;0;0
04-01-2017;1695;0;0;0;1440;0;0;0;0
05-01-2017;1695;0;0;0;1440;0;0;0;0
06-01-2017;1695;0;0;0;1440;0;0;0;0
07-01-2017;1695;0;0;0;1440;0;0;0;0
08-01-2017;1695;0;0;0;1440;0;0;0;0
09-01-2017;1695;0;0;0;1440;0;0;0;0
10-01-2017;1695;0;0;0;1440;0;0;0;0
11-01-2017;1695;0;0;0;1440;0;0;0;0
12-01-2017;1695;0;0;0;1440;0;0;0;0
13-01-2017;1695;0;0;0;1440;0;0;0;0
14-01-2017;1695;0;0;0;1440;0;0;0;0
15-01-2017;1695;0;0;0;1440;0;0;0;0
16-01-2017;1695;0;0;0;1440;0;0;0;0
17-01-2017;1695;0;0;0;1440;0;0;0;0
18-01-2017;1695;0;0;0;1440;0;0;0;0
19-01-2017;1927;3766;2,78;7;1298;43;26;3;317
20-01-2017;2553;12049;8,98;28;814;197;53;15;1170
21-01-2017;3001;14624;10,81;16;507;346;70;26;1826
22-01-2017;2641;12244;9,05;30;545;269;60;10;1345
23-01-2017;2557;12353;9,47;27;768;166;46;29;1146
24-01-2017;2625;12883;9,73;18;752;201;34;26;1238
25-01-2017;2563;11079;8,37;32;717;216;38;21;1192
26-01-2017;2547;10382;8,07;42;819;211;22;23;1153
27-01-2017;2732;11491;8,49;26;802;291;13;5;1401
28-01-2017;2917;14863;10,98;38;720;202;62;48;1589
29-01-2017;2478;8607;6,36;14;686;201;23;22;1072
30-01-2017;2968;15768;11,65;32;734;243;71;47;1698
31-01-2017;2494;9308;6,88;32;781;170;21;27;1055
01-02-2017;2745;10369;7,66;14;696;323;24;13;1474
02-02-2017;2685;11240;8,31;24;711;281;11;24;1362
03-02-2017;2700;12316;9,1;21;644;264;48;15;1390
04-02-2017;2716;14224;10,51;29;730;178;55;26;1326
05-02-2017;2561;10806;8,2;21;643;232;27;18;1192
06-02-2017;2551;9511;7,45;22;791;223;14;21;1160
07-02-2017;2383;7680;5,68;30;793;198;31;11;971
08-02-2017;2715;12966;9,58;30;632;236;54;16;1380
09-02-2017;2651;11112;8,53;30;786;231;8;27;1269
10-02-2017;2775;14996;11,08;51;725;228;48;26;1436
11-02-2017;3160;15939;12,04;26;400;415;49;46;2066
12-02-2017;2565;11097;8,2;24;584;243;54;12;1234
13-02-2017;2301;5904;4,36;20;758;198;0;0;839
14-02-2017;2703;15145;11,53;37;716;197;63;29;1348
15-02-2017;2465;9319;7,02;28;764;210;19;13;1055
16-02-2017;2964;15927;11,9;30;646;247;69;35;1683
17-02-2017;2653;11093;8,55;34;697;276;12;21;1322
18-02-2017;2575;8978;7,18;11;617;288;12;25;1263
19-02-2017;2508;9777;7,41;27;596;255;33;12;1166
20-02-2017;2584;10945;8,09;26;710;253;38;5;1237
21-02-2017;2475;9928;7,36;16;610;186;47;17;1075
22-02-2017;2618;12438;9,3;29;748;222;46;20;1261
23-02-2017;2621;10862;8,26;56;634;294;19;17;1314
24-02-2017;2757;12461;9,21;31;564;282;55;16;1478
25-02-2017;2800;11435;8,45;10;502;296;53;23;1541
26-02-2017;3052;15788;11,67;38;505;298;58;50;1835
27-02-2017;2648;10483;7,75;21;534;299;40;12;1366
28-02-2017;2302;5110;3,78;14;735;214;6;5;871
01-03-2017;2701;15148;11,19;29;716;207;80;19;1366
02-03-2017;2790;12534;9,26;32;678;299;26;19;1500
03-03-2017;2769;12806;9,75;34;754;258;35;29;1453
04-03-2017;2970;14360;10,61;26;566;368;41;13;1772
05-03-2017;2865;10890;8,51;17;498;326;52;28;1648
06-03-2017;2556;11102;8,48;30;774;211;36;20;1175
07-03-2017;2368;6314;4,67;20;746;219;11;7;952
08-03-2017;2638;10931;8,46;30;724;247;22;23;1286
09-03-2017;2670;12354;9,13;23;682;266;46;11;1355
10-03-2017;2370;6986;5,16;20;802;198;17;11;941
11-03-2017;2879;14972;11,06;18;598;275;80;27;1634
12-03-2017;2778;13312;9,84;19;596;258;75;20;1498
13-03-2017;2567;10307;7,95;18;806;225;21;22;1188
14-03-2017;2594;9032;6,67;20;730;263;22;10;1246
15-03-2017;2900;10941;8,27;15;544;415;8;21;1731
16-03-2017;2607;8279;6,12;14;686;332;12;5;1327
17-03-2017;2648;10040;7,45;33;696;259;30;17;1317
18-03-2017;2775;14651;10,83;32;693;206;60;35;1438
19-03-2017;2422;8613;6,83;15;747;163;25;29;986
20-03-2017;2623;7798;5,76;15;604;338;16;2;1351
21-03-2017;2986;13348;10,45;37;726;314;23;30;1726
22-03-2017;2536;10173;8,08;26;1216;186;8;30;1109
23-03-2017;2908;15510;12,01;18;1089;193;45;61;1567
24-03-2017;2872;15158;11,72;34;708;278;44;34;1600
25-03-2017;2743;13350;10,35;29;755;232;51;28;1418
26-03-2017;2711;10725;7,93;30;422;303;50;13;1450
27-03-2017;2513;8819;7,02;24;743;206;25;28;1118
28-03-2017;3078;17705;13,63;46;710;284;67;45;1852
29-03-2017;2715;12188;9,01;22;719;268;47;7;1375
30-03-2017;2620;10588;7,82;31;815;224;44;22;1270
31-03-2017;2629;9329;6,89;24;748;270;30;16;1310
01-04-2017;2984;9855;7,28;8;468;484;23;14;1905
02-04-2017;2965;8263;6,11;7;379;529;0;0;1894
03-04-2017;2532;8568;6,59;37;773;240;10;18;1156
04-04-2017;2521;7943;5,87;22;716;260;14;6;1160
05-04-2017;3401;20916;15,46;17;588;344;104;54;2301
06-04-2017;3034;15909;11,76;8;451;417;29;8;1877
07-04-2017;3556;23344;17,25;12;463;381;81;74;2495
08-04-2017;2883;14633;10,81;13;681;253;51;36;1592
09-04-2017;5882;31589;23,34;28;633;253;61;64;1822
10-04-2017;3090;17501;12,93;7;593;299;51;51;1871
11-04-2017;3008;15623;11,6;18;1021;349;38;32;1809
12-04-2017;3759;27245;20,13;28;489;359;80;93;2694
13-04-2017;3045;14883;11;29;537;296;53;41;1813
14-04-2017;2802;13990;10,34;20;670;212;36;52;1464
15-04-2017;2823;11854;8,97;22;1080;297;15;48;1482
16-04-2017;3008;12016;8,88;9;497;328;69;39;1830
17-04-2017;2434;4131;3,05;5;498;351;0;0;1156
18-04-2017;2325;5286;3,91;23;847;205;15;4;898
19-04-2017;2353;6542;4,83;25;1213;187;15;10;911
20-04-2017;2372;6165;4,56;31;752;231;4;7;966
21-04-2017;2681;9261;6,84;12;717;295;39;11;1396
22-04-2017;2890;11257;8,32;13;600;361;44;19;1698
23-04-2017;2827;11418;8,81;33;521;344;33;22;1605
24-04-2017;2356;5848;4,32;13;726;248;0;0;957
25-04-2017;2347;6240;4,61;17;837;220;8;0;924
26-04-2017;2282;4718;3,49;17;1204;214;0;0;843
27-04-2017;2753;10072;7,44;45;651;320;28;8;1481
28-04-2017;2572;7737;5,72;19;741;311;5;5;1259
29-04-2017;2586;6313;4,67;7;587;322;35;0;1315
30-04-2017;3040;13311;10,15;18;464;384;29;37;1878
01-05-2017;3123;14479;11,07;25;450;342;66;37;1955
02-05-2017;2330;6472;5,13;19;835;199;4;16;897
03-05-2017;2470;6411;4,74;13;734;288;11;9;1141
04-05-2017;2429;7662;5,66;11;781;265;6;1;1059
05-05-2017;2596;8918;6,59;23;661;304;14;1;1280
06-05-2017;3022;13317;9,84;22;655;318;30;49;1798
07-05-2017;3440;17446;12,92;52;424;523;25;34;2434
08-05-2017;2401;5920;4,37;9;741;282;9;0;1052
09-05-2017;2417;7435;5,49;8;735;265;9;0;1049
10-05-2017;2422;9381;6,96;31;780;163;32;18;982
11-05-2017;2755;12857;9,55;41;640;323;18;25;1493
12-05-2017;2370;7828;5,92;25;865;146;13;34;906
13-05-2017;2736;8645;6,39;19;555;420;13;0;1554
14-05-2017;2775;12074;8,92;2;515;376;34;5;1570
15-05-2017;2831;12183;9,17;18;692;317;31;20;1573
16-05-2017;2469;8771;6,61;16;791;226;5;31;1087
17-05-2017;2161;4522;3,34;9;818;156;14;5;676
18-05-2017;2213;5575;4,12;11;853;192;0;0;748
19-05-2017;2592;8379;6,19;10;729;287;27;8;1280
20-05-2017;2945;8759;6,47;4;476;478;15;8;1843
21-05-2017;2699;8803;6,51;8;616;340;21;3;1434
22-05-2017;2429;7046;5,21;8;773;255;21;0;1063
23-05-2017;2842;12604;9,31;14;631;337;41;25;1625
24-05-2017;2757;10126;7,48;10;636;331;30;8;1500
25-05-2017;3048;11097;8,2;4;451;443;38;5;1925
26-05-2017;2563;8137;6,01;15;692;333;11;0;1277
27-05-2017;2313;6297;4,92;14;775;213;4;19;899
28-05-2017;2859;10037;7,42;15;490;307;78;18;1642
29-05-2017;2322;5261;3,89;7;792;262;0;0;939
30-05-2017;2300;5498;4,06;14;839;225;0;0;874
31-05-2017;2517;10552;7,8;25;778;189;19;36;1113
01-06-2017;2163;4577;3,38;12;794;166;0;0;668
02-06-2017;2446;8059;6,1;24;816;199;7;22;1023
03-06-2017;2364;5404;3,99;3;1170;249;9;7;985
04-06-2017;2276;4995;3,69;6;656;251;0;0;881
05-06-2017;2684;8932;6,71;11;681;287;14;24;1376
06-06-2017;2414;6457;4,86;14;780;215;8;21;1010
07-06-2017;2617;10056;7,54;19;748;241;12;27;1256
08-06-2017;2531;9578;7,35;24;716;233;8;24;1149
09-06-2017;2803;11464;8,73;22;685;305;14;26;1518
10-06-2017;3062;11847;8,75;6;438;490;20;10;1983
11-06-2017;2519;5212;3,85;6;579;339;7;2;1236
12-06-2017;2784;13996;10,54;38;737;239;39;26;1450
13-06-2017;2758;11114;8,44;30;732;288;11;24;1447
14-06-2017;2504;8130;6,15;17;629;227;22;17;1126
15-06-2017;2629;10293;7,61;66;758;243;32;16;1278
16-06-2017;2622;9456;6,99;17;600;276;19;16;1297
17-06-2017;2768;12363;9,14;5;638;237;20;26;1304
18-06-2017;2544;8990;7,05;7;703;239;11;18;1168
19-06-2017;2638;11352;8,39;36;634;220;42;25;1285
20-06-2017;2334;5656;4,18;16;740;256;6;2;954
21-06-2017;5081;15293;11,3;122;690;277;32;38;1531
22-06-2017;2321;5777;4,27;13;782;223;10;0;904
23-06-2017;2559;8666;6,43;9;605;261;7;35;1225
24-06-2017;2779;8810;6,51;31;617;309;51;14;1528
25-06-2017;2811;8257;6,1;6;530;367;55;7;1625
26-06-2017;2353;6530;4,83;13;774;186;19;15;921
27-06-2017;2522;10545;7,85;33;748;190;23;23;1109
28-06-2017;2557;8240;6,09;15;714;233;37;13;1199
29-06-2017;2675;10257;7,58;20;754;259;19;13;1326
30-06-2017;2769;8968;6,63;21;656;329;22;6;1497
01-07-2017;3027;10885;8,04;10;517;409;51;18;1898
02-07-2017;3262;14032;10,37;68;514;334;63;70;2120
03-07-2017;3351;14824;10,96;10;910;401;102;27;2283
04-07-2017;3302;14065;10,39;71;923;414;55;48;2219
05-07-2017;2906;9459;6,99;5;1036;326;60;18;1690
06-07-2017;3114;11654;8,61;11;920;461;53;6;2033
07-07-2017;3218;13685;10,11;8;936;394;78;26;2112
08-07-2017;3759;20181;14,91;74;375;355;175;63;2765
09-07-2017;3091;11789;8,71;5;446;445;40;10;1982
10-07-2017;3439;15220;11,25;7;429;394;120;31;2388
11-07-2017;3689;17844;13,19;4;354;370;165;45;2679
12-07-2017;3497;17542;12,96;4;306;408;158;20;2495
13-07-2017;2826;9152;6,76;23;471;366;39;7;1620
14-07-2017;2942;11382;8,41;42;408;443;26;4;1807
15-07-2017;2787;9120;6,74;22;481;398;4;9;1579
16-07-2017;2800;10311;7,62;47;522;382;22;19;1606
17-07-2017;3126;14250;10,53;61;498;346;88;25;1975
18-07-2017;3710;19197;14,19;132;352;428;153;40;2749
19-07-2017;3862;22475;16,61;97;321;443;236;30;3004
20-07-2017;3104;12806;9,46;129;431;376;126;4;2008
21-07-2017;3269;13575;10,03;71;487;436;107;8;2226
22-07-2017;2398;7773;5,74;25;1212;219;5;4;976
23-07-2017;2212;4581;3,39;11;1241;185;12;2;756
24-07-2017;3349;14411;10,65;40;820;449;101;25;2334
25-07-2017;2811;10262;7,58;30;529;285;114;13;1605
26-07-2017;4166;25511;18,85;127;210;528;206;45;3391
27-07-2017;3681;17731;13,1;97;317;552;126;16;2805
28-07-2017;2878;10729;7,93;37;508;351;56;12;1680
29-07-2017;3776;16751;12,38;29;230;608;113;21;2957
30-07-2017;3147;13167;9,73;49;420;452;54;16;2070
31-07-2017;3240;14036;10,37;31;445;405;96;22;2164
01-08-2017;3033;12650;9,35;37;502;391;62;28;1908
02-08-2017;3021;11697;8,64;33;464;423;53;16;1908
03-08-2017;2788;12388;9,15;58;647;284;34;24;1499
04-08-2017;2854;14691;10,86;91;480;322;69;24;1651
05-08-2017;3130;18434;13,62;79;508;320;68;45;1949
06-08-2017;2378;5770;4,26;21;674;258;3;17;1014
07-08-2017;2797;9392;6,94;23;629;332;20;23;1547
08-08-2017;2655;9802;7,24;29;688;283;5;15;1320
09-08-2017;2630;10770;7,96;33;698;248;23;25;1287
10-08-2017;2590;10666;7,88;38;752;225;34;30;1239
11-08-2017;2513;10270;7,59;49;783;183;33;32;1114
12-08-2017;2930;12637;9,34;52;480;372;66;13;1769
13-08-2017;3102;16612;12,5;80;473;356;39;53;1938
14-08-2017;2701;10226;7,56;79;746;226;44;36;1370
15-08-2017;2515;9296;6,87;53;750;186;36;30;1121
16-08-2017;2294;6447;4,79;23;825;161;3;18;818
17-08-2017;2665;10558;7,8;23;675;236;36;23;1321
18-08-2017;2491;8255;6,15;44;680;220;18;18;1101
19-08-2017;2639;11657;8,67;34;711;180;35;42;1250
20-08-2017;2711;10749;8,14;47;578;250;36;34;1395
21-08-2017;2574;10691;7,95;32;790;218;38;17;1204
22-08-2017;2509;10692;7,9;26;795;201;40;15;1120
23-08-2017;2491;10202;7,68;27;800;198;42;14;1099
24-08-2017;2521;10129;7,49;31;749;215;34;14;1140
25-08-2017;2355;6985;5,16;24;809;205;17;6;932
26-08-2017;2514;8428;6,23;27;601;298;25;8;1212
27-08-2017;3221;13951;10,31;34;365;376;83;41;2116
28-08-2017;2505;10186;7,53;28;707;221;49;5;1138
29-08-2017;2399;7663;5,66;25;712;228;18;7;1006
30-08-2017;2495;10325;7,63;32;748;196;41;17;1103
31-08-2017;2345;8022;5,93;25;762;193;29;2;918
01-09-2017;2389;6410;4,74;19;747;258;17;1;1023
02-09-2017;2997;13082;9,67;29;550;305;64;37;1783
03-09-2017;2480;8145;6,02;45;648;253;35;14;1142
04-09-2017;2397;8342;6,16;31;745;187;23;17;973
05-09-2017;2325;6718;4,99;25;791;183;14;5;872
06-09-2017;2378;7665;5,66;38;767;189;22;6;942
07-09-2017;2236;4771;3,53;12;833;175;10;9;773
08-09-2017;2549;10337;7,64;48;783;197;40;17;1157
09-09-2017;2554;11529;8,9;60;665;195;7;64;1174
10-09-2017;2640;10757;8;49;553;254;37;31;1328
11-09-2017;2520;10578;7,82;38;768;214;38;8;1135
12-09-2017;2316;8330;6,16;23;793;138;50;5;852
13-09-2017;2627;10803;7,98;42;658;249;46;15;1301
14-09-2017;2528;10465;7,73;46;765;201;40;13;1136
15-09-2017;2213;4351;3,22;9;850;193;0;0;750
16-09-2017;2661;10575;7,81;47;660;298;53;11;1396
17-09-2017;3355;18682;13,95;74;309;334;79;87;2249
18-09-2017;2531;10668;7,88;42;651;210;47;13;1157
19-09-2017;2353;7541;5,57;8;780;165;34;15;914
20-09-2017;2542;10318;8,32;38;736;194;8;43;1140
21-09-2017;2619;11217;8,29;35;672;229;29;20;1255
22-09-2017;2375;6072;4,49;9;861;189;21;9;942
23-09-2017;2933;14779;10,92;49;576;274;49;62;1695
24-09-2017;3182;14593;11,37;60;504;270;81;75;1992
25-09-2017;2503;10970;8,11;25;701;204;43;21;1127
26-09-2017;2491;9538;7,56;20;736;208;14;29;1096
27-09-2017;2587;11130;8,23;24;691;224;8;38;1214
28-09-2017;2959;16437;12,29;57;719;220;6;93;1643
29-09-2017;2088;4732;3,5;9;908;129;8;0;555
30-09-2017;2898;10523;7,78;45;560;290;83;25;1675
01-10-2017;2911;9428;6,97;54;511;242;121;23;1669
02-10-2017;1991;4023;3,4;12;948;38;2;27;380
03-10-2017;2408;8045;5,95;18;783;215;5;19;998
04-10-2017;2472;9397;7,38;14;756;205;8;29;1066
05-10-2017;2641;12765;10,01;25;751;192;28;40;1256
06-10-2017;2418;8888;6,64;17;842;187;3;24;979
07-10-2017;2592;11324;8,59;32;682;198;26;50;1221
08-10-2017;2832;10952;8,67;46;556;305;35;37;1580
09-10-2017;2459;8924;7,14;21;724;184;14;29;1035
10-10-2017;2502;10643;8,44;33;774;164;19;32;1064
11-10-2017;2545;11467;9,05;49;770;167;11;42;1113
12-10-2017;2855;15881;12,45;40;656;220;38;65;1544
13-10-2017;2684;11923;8,81;29;738;240;18;38;1339
14-10-2017;2930;13584;10,04;40;599;312;21;59;1700
15-10-2017;2812;13399;10,31;38;482;263;58;39;1542
16-10-2017;2531;11940;9,43;30;812;159;27;32;1097
17-10-2017;2511;10092;8;21;775;185;31;30;1110
18-10-2017;2314;7739;5,72;18;797;159;24;6;846
19-10-2017;2410;9582;7,08;20;751;173;33;24;990
20-10-2017;2561;11673;8,63;29;781;193;1;49;1156
21-10-2017;2386;8454;6,62;39;707;178;13;29;954
22-10-2017;2689;11401;8,82;36;597;270;42;38;1410
23-10-2017;2671;10040;7,73;30;629;283;17;25;1362
24-10-2017;2630;11706;8,92;31;689;211;35;34;1269
25-10-2017;2575;10589;8,06;42;780;206;7;41;1183
26-10-2017;2397;7475;5,8;17;735;203;2;22;973
27-10-2017;2514;9097;6,98;37;782;196;11;32;1105
28-10-2017;2924;14294;10,98;65;569;294;47;46;1688
29-10-2017;3054;14672;10,84;40;548;267;103;43;1849
30-10-2017;2425;10227;7,56;49;709;183;35;12;1005
31-10-2017;2348;7452;5,85;9;770;196;2;20;914
01-11-2017;2529;11680;8,86;34;781;172;36;25;1112
02-11-2017;2730;14223;10,65;71;695;208;52;32;1383
03-11-2017;2724;15035;11,4;63;786;182;55;37;1355
04-11-2017;2671;11698;8,76;48;623;256;31;44;1369
05-11-2017;3191;15239;11,67;43;535;260;151;42;2033
06-11-2017;2384;8878;6,56;29;824;197;18;11;959
07-11-2017;2456;9530;7,04;17;771;194;14;32;1045
08-11-2017;2571;11068;8,45;43;752;191;20;40;1176
09-11-2017;2243;6766;5;18;840;164;3;15;767
10-11-2017;2511;10737;8,07;54;820;190;35;24;1113
11-11-2017;2434;10805;7,98;58;723;151;35;34;1002
12-11-2017;2770;13559;10,05;83;554;290;16;47;1495
13-11-2017;2477;9126;7,24;34;730;196;9;23;1054
14-11-2017;2471;10331;7,63;21;811;191;33;15;1061
15-11-2017;2374;8525;6,3;16;762;178;31;12;943
16-11-2017;2111;4224;3,12;6;887;162;0;0;611
17-11-2017;2230;5898;4,36;19;929;197;0;0;771
18-11-2017;2410;7549;5,58;21;673;241;23;11;1043
19-11-2017;2758;14848;10,97;85;511;220;35;62;1440
20-11-2017;2560;11776;8,88;26;758;174;10;46;1140
21-11-2017;2647;13216;9,96;28;741;196;35;29;1263
22-11-2017;2407;8420;6,39;26;800;186;7;24;972
23-11-2017;2251;6104;4,51;12;834;208;0;0;805
24-11-2017;2236;6193;4,58;13;1248;174;13;5;771
25-11-2017;2332;7448;5,5;20;1202;206;14;18;921
26-11-2017;2374;8403;6,26;25;1199;209;25;7;967
27-11-2017;2196;7286;5,38;22;1276;130;28;6;698
28-11-2017;2499;11457;8,57;33;1193;191;28;28;1099
29-11-2017;2509;11537;8,7;30;1192;196;31;21;1110
30-11-2017;2099;4463;3,3;9;829;146;8;1;589
01-12-2017;2299;6693;4,95;11;837;183;11;7;845
02-12-2017;2164;3723;2,75;4;841;180;0;0;683
03-12-2017;2629;12183;9;76;698;232;28;43;1294
04-12-2017;2429;10768;7,96;37;699;172;42;12;1005
05-12-2017;2866;18342;13,55;78;698;199;44;67;1540
06-12-2017;3037;13224;9,77;50;403;371;85;15;1899
07-12-2017;2520;10874;8,36;51;807;208;22;27;1131
08-12-2017;2358;7713;5,7;15;901;206;23;4;941
09-12-2017;2581;12385;9,15;58;637;253;62;9;1272
10-12-2017;2817;14665;10,84;66;542;273;72;14;1548
11-12-2017;2485;10184;7,53;31;706;227;29;6;1102
12-12-2017;2531;10272;7,59;25;695;222;26;22;1156
13-12-2017;2500;11718;8,66;46;714;203;50;6;1114
14-12-2017;2559;12757;9,43;81;655;246;49;7;1223
15-12-2017;2506;11296;8,35;42;794;194;26;29;1108
16-12-2017;3185;18269;13,5;78;438;371;107;35;2097
17-12-2017;2763;11295;8,35;45;418;269;71;24;1500
18-12-2017;2513;10987;8,43;47;749;186;27;24;1101
19-12-2017;2611;11690;8,86;35;778;221;31;35;1258
20-12-2017;2079;5036;3,99;18;1346;72;2;20;500
21-12-2017;2325;7402;5,47;11;1229;174;35;2;882
22-12-2017;2495;8013;5,92;18;722;266;14;5;1140
23-12-2017;2795;12001;8,87;5;489;338;47;22;1582
24-12-2017;2491;8734;6,53;20;632;240;6;41;1137
25-12-2017;2802;12941;9,56;34;525;302;29;46;1554
26-12-2017;2689;10298;7,61;7;500;307;32;23;1424
27-12-2017;2551;11536;8,53;11;686;187;51;28;1173
28-12-2017;2623;10947;8,09;24;573;306;43;12;1357
29-12-2017;3013;14931;11,03;33;514;357;58;16;1829
30-12-2017;2905;18185;13,44;46;531;244;88;40;1652
31-12-2017;2423;9139;6,75;17;639;212;38;10;1038
